"Altersgruppe";"männlich";"weiblich";"divers";"unbekannt";"Todesfälle insgesamt"
"0-9";0;0;0;0;0
"'10-19";1;0;0;0;1
"20-29";3;2;0;0;5
"30-39";3;2;0;0;5
"40-49";12;4;0;0;16
"50-59";64;29;0;0;93
"60-69";184;74;0;0;258
"70-79";430;236;0;1;667
"80-89";556;583;0;0;1139
"90-99";130;267;0;0;397
"100+";0;8;0;0;8
"Unbekannt";0;0;0;0;0
"Gesamt";1383;1205;0;1;2589
