"Altersgruppe";"männlich";"weiblich";"divers";"unbekannt";"Todesfälle insgesamt"
"0-9";0;1;0;0;1
"'10-19";1;0;0;0;1
"20-29";4;3;0;0;7
"30-39";4;3;0;0;7
"40-49";21;7;0;0;28
"50-59";114;48;0;0;162
"60-69";341;134;0;1;476
"70-79";851;513;0;3;1367
"80-89";1237;1353;0;4;2594
"90-99";339;687;0;5;1031
"100+";1;18;0;0;19
"Unbekannt";1;0;0;0;1
"Gesamt";2914;2767;0;13;5694
