"Altersgruppe";"männlich";"weiblich";"divers";"unbekannt";"Todesfälle insgesamt"
"0-9";0;0;0;0;0
"'10-19";1;0;0;0;1
"20-29";4;3;0;0;7
"30-39";5;2;0;0;7
"40-49";20;7;0;0;27
"50-59";90;41;0;0;131
"60-69";273;104;0;1;378
"70-79";676;391;0;2;1069
"80-89";930;1006;0;1;1937
"90-99";254;497;0;3;754
"100+";1;15;0;0;16
"Unbekannt";0;0;0;0;0
"Gesamt";2254;2066;0;7;4327
