"Altersgruppe";"männlich";"weiblich";"divers";"unbekannt";"Todesfälle insgesamt"
"0-9";0;0;0;0;0
"'10-19";1;0;0;0;1
"20-29";4;2;0;0;6
"30-39";4;2;0;0;6
"40-49";15;6;0;0;21
"50-59";77;31;0;0;108
"60-69";212;81;0;1;294
"70-79";522;281;0;1;804
"80-89";694;698;0;0;1392
"90-99";165;335;0;0;500
"100+";1;9;0;0;10
"Unbekannt";0;0;0;0;0
"Gesamt";1695;1445;0;2;3142
