"Altersgruppe";"männlich";"weiblich";"divers";"unbekannt";"Todesfälle insgesamt"
"0-9";0;0;0;0;0
"'10-19";1;0;0;0;1
"20-29";3;2;0;0;5
"30-39";3;2;0;0;5
"40-49";12;4;0;0;16
"50-59";66;29;0;0;95
"60-69";185;75;0;0;260
"70-79";436;240;0;1;677
"80-89";561;587;0;0;1148
"90-99";130;270;0;0;400
"100+";0;7;0;0;7
"Unbekannt";0;0;0;0;0
"Gesamt";1397;1216;0;1;2614
