"Altersgruppe";"männlich";"weiblich";"divers";"unbekannt";"Todesfälle insgesamt"
"0-9";0;0;0;0;0
"'10-19";1;0;0;0;1
"20-29";3;2;0;0;5
"30-39";3;2;0;0;5
"40-49";13;5;0;0;18
"50-59";71;29;0;0;100
"60-69";194;78;0;1;273
"70-79";454;255;0;0;709
"80-89";599;605;0;0;1204
"90-99";136;286;0;0;422
"100+";0;7;0;0;7
"Unbekannt";0;0;0;0;0
"Gesamt";1474;1269;0;1;2744
