"Altersgruppe";"männlich";"weiblich";"divers";"unbekannt";"Todesfälle insgesamt"
"0-9";0;0;0;0;0
"'10-19";1;0;0;0;1
"20-29";3;3;0;0;6
"30-39";3;2;0;0;5
"40-49";14;5;0;0;19
"50-59";73;31;0;0;104
"60-69";203;79;0;1;283
"70-79";484;271;0;0;755
"80-89";643;640;0;0;1283
"90-99";146;311;0;0;457
"100+";1;9;0;0;10
"Unbekannt";0;0;0;0;0
"Gesamt";1571;1351;0;1;2923
