"Altersgruppe";"männlich";"weiblich";"divers";"unbekannt";"Todesfälle insgesamt"
"0-9";0;0;0;0;0
"'10-19";1;0;0;0;1
"20-29";3;2;0;0;5
"30-39";3;2;0;0;5
"40-49";11;4;0;0;15
"50-59";68;29;0;0;97
"60-69";188;76;0;0;264
"70-79";438;242;0;0;680
"80-89";569;590;0;0;1159
"90-99";131;273;0;0;404
"100+";0;7;0;0;7
"Unbekannt";0;0;0;0;0
"Gesamt";1412;1225;0;0;2637
