"Altersgruppe";"männlich";"weiblich";"divers";"unbekannt";"Todesfälle insgesamt"
"0-9";0;0;0;0;0
"'10-19";1;0;0;0;1
"20-29";3;2;0;0;5
"30-39";2;2;0;0;4
"40-49";11;4;0;0;15
"50-59";55;24;0;0;79
"60-69";177;67;0;0;244
"70-79";392;223;0;1;616
"80-89";528;546;0;0;1074
"90-99";119;237;0;0;356
"100+";0;8;0;0;8
"Unbekannt";0;0;0;0;0
"Gesamt";1288;1113;0;1;2402
