"Altersgruppe";"männlich";"weiblich";"divers";"unbekannt";"Todesfälle insgesamt"
"0-9";0;1;0;0;1
"'10-19";1;0;0;0;1
"20-29";5;5;0;0;10
"30-39";9;5;0;0;14
"40-49";36;14;0;0;50
"50-59";230;88;0;0;318
"60-69";600;258;0;3;861
"70-79";1549;916;1;11;2477
"80-89";2427;2733;2;30;5192
"90-99";691;1460;1;22;2174
"100+";4;34;0;0;38
"Unbekannt";1;1;0;0;2
"Gesamt";5553;5515;4;66;11138
