"Altersgruppe";"männlich";"weiblich";"divers";"unbekannt";"Todesfälle insgesamt"
"0-5";0;2;0;0;2
"'6-11";0;2;0;0;2
"'12-15";0;0;0;0;0
"16-19";1;0;0;0;1
"20-34";15;13;0;0;28
"35-59";445;176;0;2;623
"60-79";2887;1535;0;20;4442
"80+";4510;5772;0;55;10337
"Unbekannt";0;0;0;0;0
"Gesamt";7858;7500;0;77;15435
