"Altersgruppe";"männlich";"weiblich";"divers";"unbekannt";"Todesfälle insgesamt"
"0-9";0;2;0;0;2
"'10-19";1;1;0;0;2
"20-29";9;4;0;0;13
"30-39";19;9;0;0;28
"40-49";63;29;0;0;92
"50-59";385;148;0;1;534
"60-69";880;399;0;9;1288
"70-79";2150;1288;1;16;3455
"80-89";3133;3453;2;42;6630
"90-99";847;1814;1;29;2691
"100+";6;42;0;0;48
"Unbekannt";0;1;0;0;1
"Gesamt";7493;7190;4;97;14784
