"Altersgruppe";"männlich";"weiblich";"divers";"unbekannt";"Todesfälle insgesamt"
"0-9";0;1;0;0;1
"'10-19";1;0;0;0;1
"20-29";6;4;0;0;10
"30-39";9;4;0;0;13
"40-49";42;17;0;0;59
"50-59";275;100;0;0;375
"60-69";684;298;0;5;987
"70-79";1767;1066;1;13;2847
"80-89";2740;3066;2;41;5849
"90-99";764;1662;1;24;2451
"100+";6;38;0;0;44
"Unbekannt";0;1;0;0;1
"Gesamt";6294;6257;4;83;12638
