"Altersgruppe";"männlich";"weiblich";"divers";"unbekannt";"Todesfälle insgesamt"
"0-9";0;2;0;0;2
"'10-19";1;1;0;0;2
"20-29";9;4;0;0;13
"30-39";18;9;0;0;27
"40-49";59;26;0;0;85
"50-59";374;139;0;1;514
"60-69";860;387;0;8;1255
"70-79";2114;1271;1;16;3402
"80-89";3103;3424;2;43;6572
"90-99";841;1805;1;28;2675
"100+";6;41;0;0;47
"Unbekannt";0;1;0;0;1
"Gesamt";7385;7110;4;96;14595
