"Meldelandkreis";"Insgesamt VOC";"Alpha B.1.1.7";"Beta B.1.351";"Gamma P.1";"Delta B.1.617.2";"PCR-Hinweis auf VOC";"andere/ sonstige";"Gesamt"
"LK Aichach-Friedberg";1824;1042;11;0;633;138;4638;6462
"LK Altötting";2801;1564;2;3;1210;22;4779;7580
"LK Amberg-Sulzbach";1545;805;0;1;387;352;3896;5441
"LK Ansbach";1978;1583;1;2;357;35;8011;9989
"LK Aschaffenburg";2275;1425;4;1;814;31;7017;9292
"LK Augsburg";3933;2166;114;23;1522;108;9984;13917
"LK Bad Kissingen";1128;830;36;0;216;46;3076;4204
"LK Bad Tölz-Wolfratshausen";2253;982;9;0;1195;67;4887;7140
"LK Bamberg";1677;1138;18;3;511;7;4772;6449
"LK Bayreuth";1456;1184;1;0;271;0;3938;5394
"LK Berchtesgadener Land";2000;751;12;4;1228;5;6662;8662
"LK Cham";4088;2966;3;5;1060;54;4576;8664
"LK Coburg";1636;1244;3;0;374;15;3816;5452
"LK Dachau";2920;1603;2;1;1281;33;7296;10216
"LK Deggendorf";1550;274;1;1;677;597;6817;8367
"LK Dillingen a.d.Donau";1800;1011;26;0;751;12;3020;4820
"LK Dingolfing-Landau";2962;1970;13;1;950;28;4297;7259
"LK Donau-Ries";2534;1444;45;1;890;154;4708;7242
"LK Ebersberg";2412;965;6;2;1387;52;5617;8029
"LK Eichstätt";1963;1300;1;7;626;29;4316;6279
"LK Erding";2813;1302;6;12;1453;40;5953;8766
"LK Erlangen-Höchstadt";1509;953;2;7;493;54;4874;6383
"LK Forchheim";1771;1195;1;3;552;20;3845;5616
"LK Freising";3163;1780;9;12;1263;99;7037;10200
"LK Freyung-Grafenau";1594;933;26;1;568;66;4123;5717
"LK Fürstenfeldbruck";2971;1776;11;0;1142;42;8560;11531
"LK Fürth";1832;1116;8;0;692;16;4513;6345
"LK Garmisch-Partenkirchen";1296;849;4;2;395;46;2948;4244
"LK Günzburg";2809;1702;100;1;946;60;5646;8455
"LK Haßberge";1709;1312;18;0;349;30;2958;4667
"LK Hof";2478;2136;5;0;307;30;4408;6886
"LK Kelheim";2480;1568;2;3;872;35;4828;7308
"LK Kitzingen";1253;710;2;3;500;38;2713;3966
"LK Kronach";978;857;2;1;108;10;3636;4614
"LK Kulmbach";1739;1361;0;0;318;60;2778;4517
"LK Landsberg a.Lech";1616;728;136;0;645;107;3575;5191
"LK Landshut";3264;1630;0;1;1248;385;6324;9588
"LK Lichtenfels";1417;1155;2;0;253;7;2558;3975
"LK Lindau";1335;823;13;0;480;19;2795;4130
"LK Main-Spessart";1752;1279;2;1;461;9;3584;5336
"LK Miesbach";1473;802;2;0;651;18;4639;6112
"LK Miltenberg";2152;1307;2;0;826;17;4921;7073
"LK Mühldorf a.Inn";3102;1681;6;10;1385;20;5820;8922
"LK München";4948;2584;6;5;2179;174;13733;18681
"LK Neu-Ulm";3359;2153;70;3;1112;21;6501;9860
"LK Neuburg-Schrobenhausen";1710;996;1;2;686;25;3435;5145
"LK Neumarkt i.d.OPf.";1547;594;0;0;878;75;6601;8148
"LK Neustadt a.d.Aisch-Bad Windsheim";1575;1016;0;2;515;42;3664;5239
"LK Neustadt a.d.Waldnaab";1493;496;1;0;289;707;4297;5790
"LK Nürnberger Land";2149;1495;7;7;601;39;6363;8512
"LK Oberallgäu";2907;1775;53;2;980;97;4546;7453
"LK Ostallgäu";3645;2403;28;2;1149;63;5200;8845
"LK Passau";3048;1947;33;2;1038;28;11602;14650
"LK Pfaffenhofen a.d.Ilm";2245;1361;2;35;771;76;4587;6832
"LK Regen";1677;1153;1;1;507;15;4728;6405
"LK Regensburg";3678;2444;1;1;1166;66;6600;10278
"LK Rhön-Grabfeld";1304;938;5;3;354;4;2829;4133
"LK Rosenheim";5321;2331;1;7;2875;107;13562;18883
"LK Roth";1992;1205;3;0;766;18;4752;6744
"LK Rottal-Inn";2548;1656;13;11;854;14;6474;9022
"LK Schwandorf";4108;3193;1;2;840;72;5458;9566
"LK Schweinfurt";1705;1264;29;4;406;2;4452;6157
"LK Starnberg";1738;818;2;3;890;25;4556;6294
"LK Straubing-Bogen";2380;1390;1;1;947;41;4473;6853
"LK Tirschenreuth";1723;1564;0;0;146;13;3833;5556
"LK Traunstein";4924;2605;23;3;2250;43;10109;15033
"LK Unterallgäu";3594;2343;3;7;1225;16;5437;9031
"LK Weilheim-Schongau";2085;1091;5;0;988;1;4354;6439
"LK Weißenburg-Gunzenhausen";1415;800;3;0;545;67;3596;5011
"LK Wunsiedel i.Fichtelgebirge";1816;1549;0;0;261;6;3533;5349
"LK Würzburg";1880;1055;7;3;812;3;3591;5471
"SK Amberg";933;319;0;1;433;180;1402;2335
"SK Ansbach";386;239;0;1;135;11;1855;2241
"SK Aschaffenburg";1306;759;1;1;527;18;2923;4229
"SK Augsburg";7259;3115;70;12;3514;548;14963;22222
"SK Bamberg";1078;582;5;0;485;6;2698;3776
"SK Bayreuth";1171;909;0;0;262;0;2760;3931
"SK Coburg";762;587;4;1;169;1;1903;2665
"SK Erlangen";1045;645;0;1;374;25;3735;4780
"SK Fürth";3156;2038;6;2;1082;28;6023;9179
"SK Hof";1693;1406;2;0;226;59;2595;4288
"SK Ingolstadt";2743;1404;1;10;1311;17;5383;8126
"SK Kaufbeuren";1025;700;0;0;314;11;1814;2839
"SK Kempten";1858;1262;28;0;512;56;2153;4011
"SK Landshut";1735;745;1;0;754;235;3190;4925
"SK Memmingen";852;521;5;9;287;30;1945;2797
"SK München";25258;12741;88;42;11615;772;67153;92411
"SK Nürnberg";9204;5899;18;4;3010;273;31981;41185
"SK Passau";652;401;0;0;245;6;3152;3804
"SK Regensburg";3375;2051;3;1;1277;43;5851;9226
"SK Rosenheim";1698;724;0;10;928;36;3589;5287
"SK Schwabach";694;381;0;0;308;5;1904;2598
"SK Schweinfurt";1466;1068;25;9;362;2;2524;3990
"SK Straubing";1079;642;0;1;425;11;1906;2985
"SK Weiden i.d.OPf.";809;309;2;1;190;307;2189;2998
"SK Würzburg";2122;1137;4;0;979;2;3668;5790
