"Altersgruppe";"männlich";"weiblich";"divers";"unbekannt";"Todesfälle insgesamt"
"0-9";0;2;0;0;2
"'10-19";1;0;0;0;1
"20-29";7;4;0;0;11
"30-39";11;7;0;0;18
"40-49";45;20;0;0;65
"50-59";309;109;0;0;418
"60-69";742;324;0;5;1071
"70-79";1877;1123;1;14;3015
"80-89";2884;3215;2;41;6142
"90-99";793;1712;1;27;2533
"100+";6;39;0;0;45
"Unbekannt";0;2;0;0;2
"Gesamt";6675;6557;4;87;13323
