"Meldelandkreis";"Insgesamt VOC";"Alpha B.1.1.7";"Beta B.1.351";"Gamma P.1";"Delta B.1.617.2";"PCR-Hinweis auf VOC";"andere/ sonstige";"Gesamt"
"LK Aichach-Friedberg";1189;1042;10;0;0;137;3994;5183
"LK Altötting";1595;1561;2;3;8;21;4464;6059
"LK Amberg-Sulzbach";1158;805;0;1;0;352;3677;4835
"LK Ansbach";1612;1580;1;2;4;25;6798;8410
"LK Aschaffenburg";1478;1421;4;1;21;31;6549;8027
"LK Augsburg";2443;2161;114;23;40;105;9032;11475
"LK Bad Kissingen";895;820;35;0;0;40;2749;3644
"LK Bad Tölz-Wolfratshausen";1044;980;0;0;8;56;4058;5102
"LK Bamberg";1180;1139;17;3;16;5;4450;5630
"LK Bayreuth";1165;1164;0;0;1;0;3770;4935
"LK Berchtesgadener Land";774;751;12;4;7;0;5261;6035
"LK Cham";3027;2962;3;3;2;57;4108;7135
"LK Coburg";1244;1228;3;1;1;11;3645;4889
"LK Dachau";1655;1602;2;1;17;33;6595;8250
"LK Deggendorf";868;267;1;0;4;596;6131;6999
"LK Dillingen a.d.Donau";1042;1006;26;0;3;7;2744;3786
"LK Dingolfing-Landau";1994;1960;13;1;5;15;3823;5817
"LK Donau-Ries";1654;1445;45;1;10;153;4354;6008
"LK Ebersberg";1028;964;6;2;7;49;5351;6379
"LK Eichstätt";1340;1300;1;7;3;29;3738;5078
"LK Erding";1354;1302;6;12;4;30;5620;6974
"LK Erlangen-Höchstadt";1006;949;2;7;0;48;4419;5425
"LK Forchheim";1158;1144;0;0;6;8;3636;4794
"LK Freising";1747;1595;7;7;3;135;6465;8212
"LK Freyung-Grafenau";1026;934;26;0;0;66;3888;4914
"LK Fürstenfeldbruck";1832;1773;11;0;9;39;7905;9737
"LK Fürth";1138;1107;8;0;9;14;4238;5376
"LK Garmisch-Partenkirchen";867;828;4;1;3;31;2784;3651
"LK Günzburg";1862;1696;100;1;8;57;5110;6972
"LK Haßberge";1359;1311;18;0;0;30;2718;4077
"LK Hof";2161;2125;5;0;0;31;4245;6406
"LK Kelheim";1607;1567;1;3;4;32;4333;5940
"LK Kitzingen";752;709;2;3;30;8;2544;3296
"LK Kronach";871;857;2;1;1;10;3357;4228
"LK Kulmbach";1408;1341;2;0;4;61;2679;4087
"LK Landsberg a.Lech";935;723;135;0;2;75;3170;4105
"LK Landshut";2012;1628;0;1;3;380;6018;8030
"LK Lichtenfels";1160;1152;1;0;0;7;2429;3589
"LK Lindau";858;821;13;0;5;19;2592;3450
"LK Main-Spessart";1298;1278;2;1;8;9;3466;4764
"LK Miesbach";827;801;2;0;6;18;3770;4597
"LK Miltenberg";1331;1303;2;0;9;17;4677;6008
"LK Mühldorf a.Inn";1720;1680;6;8;7;19;5256;6976
"LK München";2761;2576;6;3;16;160;12645;15406
"LK Neu-Ulm";2168;2032;70;3;4;59;5602;7770
"LK Neuburg-Schrobenhausen";1024;996;1;2;0;25;3150;4174
"LK Neumarkt i.d.OPf.";670;592;0;0;9;69;5903;6573
"LK Neustadt a.d.Aisch-Bad Windsheim";1058;1015;0;0;1;42;3332;4390
"LK Neustadt a.d.Waldnaab";1208;496;1;0;4;707;4050;5258
"LK Nürnberger Land";1545;1492;4;8;6;35;5913;7458
"LK Oberallgäu";1921;1769;53;1;10;88;4045;5966
"LK Ostallgäu";2508;2402;28;2;19;57;4657;7165
"LK Passau";2014;1944;33;2;8;27;10948;12962
"LK Pfaffenhofen a.d.Ilm";1475;1359;2;35;3;76;4185;5660
"LK Regen";1100;1076;1;0;6;17;4431;5531
"LK Regensburg";2521;2437;0;1;22;61;5790;8311
"LK Rhön-Grabfeld";941;928;5;3;2;3;2609;3550
"LK Rosenheim";2452;2326;1;6;12;107;11493;13945
"LK Roth";1228;1205;3;0;3;17;4463;5691
"LK Rottal-Inn";1695;1656;13;11;1;14;5858;7553
"LK Schwandorf";3270;3192;0;0;4;74;5119;8389
"LK Schweinfurt";1310;1265;29;4;10;2;3841;5151
"LK Starnberg";858;815;2;3;15;23;4268;5126
"LK Straubing-Bogen";1415;1374;1;1;3;36;3954;5369
"LK Tirschenreuth";1533;1515;0;0;1;17;3784;5317
"LK Traunstein";2690;2607;23;3;14;43;8406;11096
"LK Unterallgäu";2375;2345;3;7;3;17;4910;7285
"LK Weilheim-Schongau";1104;1093;5;0;5;1;4062;5166
"LK Weißenburg-Gunzenhausen";880;800;3;0;10;67;3041;3921
"LK Wunsiedel i.Fichtelgebirge";1559;1549;0;0;4;6;3472;5031
"LK Würzburg";1097;1053;7;3;31;3;3374;4471
"SK Amberg";499;317;0;0;2;180;1252;1751
"SK Ansbach";250;238;0;1;5;6;1625;1875
"SK Aschaffenburg";796;757;1;1;19;18;2704;3500
"SK Augsburg";3816;3122;70;12;67;545;14211;18027
"SK Bamberg";608;579;4;0;22;3;2510;3118
"SK Bayreuth";890;890;0;0;0;0;2581;3471
"SK Coburg";591;585;3;0;2;1;1812;2403
"SK Erlangen";670;642;0;0;6;22;3336;4006
"SK Fürth";2079;2032;6;2;12;27;5667;7746
"SK Hof";1465;1398;2;0;3;62;2507;3972
"SK Ingolstadt";1444;1402;1;10;14;17;4759;6203
"SK Kaufbeuren";709;700;0;0;1;8;1679;2388
"SK Kempten";1343;1265;27;0;0;51;1932;3275
"SK Landshut";994;747;1;0;12;234;3095;4089
"SK Memmingen";566;521;5;9;1;30;1690;2256
"SK München";13904;12612;78;36;374;804;59952;73856
"SK Nürnberg";6161;5877;12;4;45;223;28572;34733
"SK Passau";407;396;0;0;4;7;2994;3401
"SK Regensburg";2112;2050;3;1;23;35;4907;7019
"SK Rosenheim";770;723;0;9;2;36;3170;3940
"SK Schwabach";383;380;0;0;0;3;1772;2155
"SK Schweinfurt";1116;1071;25;8;9;3;2058;3174
"SK Straubing";653;641;0;1;0;11;1726;2379
"SK Weiden i.d.OPf.";618;309;2;1;0;306;2078;2696
"SK Würzburg";1162;1133;4;0;23;2;3411;4573
