"Altersgruppe";"männlich";"weiblich";"divers";"unbekannt";"Todesfälle insgesamt"
"0-5";0;2;0;0;2
"'6-11";0;2;0;0;2
"'12-15";0;1;0;0;1
"16-19";1;0;0;0;1
"20-34";16;14;0;0;30
"35-59";490;200;0;2;692
"60-79";3041;1628;0;19;4688
"80+";4763;6031;0;55;10849
"Unbekannt";0;0;0;0;0
"Gesamt";8311;7878;0;76;16265
