"Altersgruppe";"männlich";"weiblich";"divers";"unbekannt";"Todesfälle insgesamt"
"0-9";1;1;0;0;2
"'10-19";1;0;0;0;1
"20-29";5;4;0;0;9
"30-39";9;4;0;0;13
"40-49";31;13;0;0;44
"50-59";214;83;0;0;297
"60-69";554;243;0;3;800
"70-79";1457;861;1;10;2329
"80-89";2257;2556;2;28;4843
"90-99";644;1346;1;18;2009
"100+";4;31;0;0;35
"Unbekannt";1;1;0;0;2
"Gesamt";5178;5143;4;59;10384
