"Altersgruppe";"männlich";"weiblich";"divers";"unbekannt";"Todesfälle insgesamt"
"0-5";0;2;0;0;2
"'6-11";0;2;0;0;2
"'12-15";0;0;0;0;0
"16-19";1;0;0;0;1
"20-34";15;13;0;0;28
"35-59";444;174;0;2;620
"60-79";2879;1531;0;20;4430
"80+";4500;5764;0;56;10320
"Unbekannt";0;0;0;0;0
"Gesamt";7839;7486;0;78;15403
