"Altersgruppe";"männlich";"weiblich";"divers";"unbekannt";"Todesfälle insgesamt"
"0-9";0;3;0;0;3
"'10-19";1;1;0;0;2
"20-29";10;5;0;0;15
"30-39";23;11;0;0;34
"40-49";70;36;0;0;106
"50-59";416;159;0;1;576
"60-69";942;433;0;9;1384
"70-79";2238;1355;1;15;3609
"80-89";3216;3541;1;36;6794
"90-99";863;1860;1;23;2747
"100+";6;44;0;0;50
"Unbekannt";0;0;0;0;0
"Gesamt";7785;7448;3;84;15320
