"Altersgruppe";"männlich";"weiblich";"divers";"unbekannt";"Todesfälle insgesamt"
"0-5";0;2;0;0;2
"'6-11";0;2;0;0;2
"'12-15";0;1;0;0;1
"16-19";1;0;0;0;1
"20-34";15;13;0;0;28
"35-59";474;191;0;2;667
"60-79";2989;1596;0;19;4604
"80+";4654;5943;0;55;10652
"Unbekannt";0;0;0;0;0
"Gesamt";8133;7748;0;76;15957
