"Altersgruppe";"männlich";"weiblich";"divers";"unbekannt";"Todesfälle insgesamt"
"0-5";0;2;0;0;2
"'6-11";0;2;0;0;2
"'12-15";0;1;0;0;1
"16-19";1;0;0;0;1
"20-34";15;13;0;0;28
"35-59";460;187;0;2;649
"60-79";2952;1574;0;19;4545
"80+";4604;5885;0;55;10544
"Unbekannt";0;0;0;0;0
"Gesamt";8032;7664;0;76;15772
