"Altersgruppe";"männlich";"weiblich";"divers";"unbekannt";"Todesfälle insgesamt"
"0-9";0;3;0;0;3
"'10-19";1;1;0;0;2
"20-29";10;4;0;0;14
"30-39";23;11;0;0;34
"40-49";71;37;0;0;108
"50-59";418;162;0;1;581
"60-69";947;436;0;8;1391
"70-79";2247;1357;0;13;3617
"80-89";3224;3547;0;33;6804
"90-99";867;1864;0;23;2754
"100+";7;44;0;0;51
"Unbekannt";0;0;0;0;0
"Gesamt";7815;7466;0;78;15359
