"Altersgruppe";"männlich";"weiblich";"divers";"unbekannt";"Todesfälle insgesamt"
"0-5";0;2;0;0;2
"'6-11";0;2;0;0;2
"'12-15";0;1;0;0;1
"16-19";1;0;0;0;1
"20-34";16;13;0;0;29
"35-59";453;181;0;2;636
"60-79";2919;1555;0;19;4493
"80+";4555;5829;0;54;10438
"Unbekannt";0;0;0;0;0
"Gesamt";7944;7583;0;75;15602
