"Altersgruppe";"männlich";"weiblich";"divers";"unbekannt";"Todesfälle insgesamt"
"0-5";1;3;0;0;4
"'6-11";1;2;0;0;3
"'12-15";0;1;0;0;1
"16-19";1;1;0;0;2
"20-34";26;23;0;0;49
"35-59";713;296;0;2;1011
"60-79";3882;2090;0;21;5993
"80+";5944;7248;0;59;13251
"Unbekannt";0;0;0;0;0
"Gesamt";10568;9664;0;82;20314
